

	Week starting on...	1/1	1/8	1/15	1/22	2/1	2/8	2/15	2/22	3/1	3/8	3/15	3/22	4/1	4/8	4/15	4/22	5/1	5/8	5/15	5/22	6/1	6/8	6/15	6/22	7/1	7/8	7/15	7/22	8/1	8/8	8/15	8/22	9/1	9/8	9/15	9/22	10/1	10/8	10/15	10/22	11/1	11/8	11/15	11/22	12/1	12/8	12/15	12/22
Frequency (%)
	Pied Avocet (Recurvirostra avosetta)	2.631578947368421	3.4223706176961604	3.7347560975609753	2.249134948096886	2.379125095932464	2.9140014214641083	2.220726783310902	3.357004519044545	2.507836990595611	2.375102375102375	1.5927189988623434	2.0491803278688523	1.0416666666666665	2.1621621621621623	2.1013597033374536	1.4608233731739706	1.3237063778580023	2.5114155251141552	1.5931372549019607	1.5859030837004406	1.486988847583643	1.0373443983402488	1.2668250197941409	1.7472335468841003	0.8338678640153944	0.9820912767186597	1.4202711426726922	1.1681056373793803	0.8082292432035268	1.0560519902518277	1.7316017316017316	1.3717421124828533	1.3500482160077145	1.4018691588785046	2.7906976744186047	1.5676567656765676	1.5397775876817792	3.462157809983897	2.4448419797257004	2.5676613462873004	2.7480916030534353	3.3041132838840186	3.6281179138321997	2.2666666666666666	3.273040482342808	2.5390625	2.277904328018223	3.0440414507772022
	Total # checklists submitted - (Pied Avocet (Recurvirostra avosetta))	1254	1198	1312	1734	1303	1407	1486	1549	1276	1221	879	1220	1152	925	809	753	831	876	816	1135	807	964	1263	1717	1559	1731	1549	1969	1361	1231	1155	1458	1037	1070	1075	1212	1169	1242	1677	1441	1310	1483	1323	1500	1161	1024	878	1544
	
Abundance
	Pied Avocet (Recurvirostra avosetta)	0.17065390749601275	0.505008347245409	0.47560975609756095	0.2295271049596309	0.43668457405986183	0.7818052594171997	0.3162853297442799	0.09296320206584893	0.13636363636363635	0.15561015561015562	0.0671217292377702	0.2836065573770492	0.03125	0.05297297297297297	0.12237330037082818	0.13678618857901725	0.02888086642599278	0.204337899543379	0.03799019607843137	0.13832599118942732	0.3853779429987608	0.04771784232365145	0.25336500395882816	0.6552125800815376	0.2251443232841565	0.2097053726169844	0.46610716591349255	0.08379888268156424	0.03085966201322557	0.002437043054427295	0.258008658008658	0.09807956104252401	0.010607521697203472	0.025233644859813085	0.12186046511627907	0.08250825082508251	0.09837467921300257	0.10064412238325282	0.23076923076923078	0.41013185287994447	0.2969465648854962	0.2865812542144302	0.2418745275888133	0.394	0.2540913006029285	0.1669921875	1.4088838268792712	0.17357512953367876
	Total # checklists submitted - (Pied Avocet (Recurvirostra avosetta))	1254	1198	1312	1734	1303	1407	1486	1549	1276	1221	879	1220	1152	925	809	753	831	876	816	1135	807	964	1263	1717	1559	1731	1549	1969	1361	1231	1155	1458	1037	1070	1075	1212	1169	1242	1677	1441	1310	1483	1323	1500	1161	1024	878	1544
	
Birds Per Party Hour
	Pied Avocet (Recurvirostra avosetta)	1.6768867133163228	3.5602303837940306	2.9743416044443256	2.960976007141978	5.649314253672214	6.131933867803806	2.825302724330419	1.1193749627688796	1.7628251598447964	8.246122972011905	6.3332155752928685	2.934512870937904	1.1519552286516683	3.602737591099853	2.031665829594054	2.741456097616001	7.177749049329597	23.35261033706314	1.2950474517642707	5.6701869207003615	15.148820281867453	3.6916197834715483	1.861690914415301	18.55186462845483	5.285561476434668	6.4053828595972515	16.071738568746188	0.9812070719557143	1.077688485508522	0.1	31.549830795149994	2.7516037936921625	1.1402777777777777	13.168199436130363	8.793508994121266	4.732422631320902	3.6660504326138246	2.1654715323004954	2.906532352707513	3.210448497851456	7.48021237899887	3.670609459941626	2.8025338169794103	3.7604145603692216	2.0070648713929238	2.430423037371596	29.503697770888134	2.513899833781459
	# checklists reporting species - (Pied Avocet (Recurvirostra avosetta))	24	28	28	28	30	36	30	36	21	25	13	18	11	15	11	9	7	19	9	14	15	6	8	18	11	14	15	13	6	2	13	14	8	9	18	6	12	27	34	26	19	30	27	22	32	16	14	39
	
High Count
	Pied Avocet (Recurvirostra avosetta)	50	100	200	101	300	350	150	30	50	200	20	200	13	20	50	45	20	31	16	50	400	20	300	800	300	150	500	530	501	2	120	40	20	11	30	50	60	150	150	250	300	250	70	200	60	100	1000	50
	# checklists reporting species - (Pied Avocet (Recurvirostra avosetta))	46	53	66	51	42	55	51	68	45	38	22	32	19	25	20	17	15	22	18	19	20	12	23	37	17	25	28	30	15	16	26	25	20	21	36	22	21	59	54	52	46	55	59	46	49	37	24	74
	
Totals
	Pied Avocet (Recurvirostra avosetta)	246	699	832	408	586	1138	537	208	190	641	95	350	40	58	100	124	36	179	38	157	725	46	325	1155	372	390	729	739	544	4	311	157	35	46	150	100	119	287	394	617	401	433	395	710	309	187	1239	412
	# checklists reporting species - (Pied Avocet (Recurvirostra avosetta))	28	37	32	30	31	39	34	39	23	29	14	20	11	15	13	9	7	20	10	14	16	6	10	22	11	20	17	16	8	3	14	15	8	9	20	8	13	29	35	27	23	32	31	32	35	17	16	44
	
Average Count
	Pied Avocet (Recurvirostra avosetta)	8.785714285714286	18.89189189189189	26.0	13.6	18.903225806451612	29.17948717948718	15.794117647058824	5.333333333333333	8.26086956521739	22.103448275862068	6.785714285714286	17.5	3.6363636363636362	3.8666666666666667	7.6923076923076925	13.777777777777779	5.142857142857143	8.95	3.8	11.214285714285714	45.3125	7.666666666666667	32.5	52.5	33.81818181818182	19.5	42.88235294117647	46.1875	68.0	1.3333333333333333	22.214285714285715	10.466666666666667	4.375	5.111111111111111	7.5	12.5	9.153846153846153	9.89655172413793	11.257142857142858	22.85185185185185	17.434782608695652	13.53125	12.741935483870968	22.1875	8.82857142857143	11.0	77.4375	9.363636363636363
	# checklists reporting species - (Pied Avocet (Recurvirostra avosetta))	28	37	32	30	31	39	34	39	23	29	14	20	11	15	13	9	7	20	10	14	16	6	10	22	11	20	17	16	8	3	14	15	8	9	20	8	13	29	35	27	23	32	31	32	35	17	16	44
	
