

	Week starting on...	1/1	1/8	1/15	1/22	2/1	2/8	2/15	2/22	3/1	3/8	3/15	3/22	4/1	4/8	4/15	4/22	5/1	5/8	5/15	5/22	6/1	6/8	6/15	6/22	7/1	7/8	7/15	7/22	8/1	8/8	8/15	8/22	9/1	9/8	9/15	9/22	10/1	10/8	10/15	10/22	11/1	11/8	11/15	11/22	12/1	12/8	12/15	12/22
Frequency (%)
	Pied Avocet (Recurvirostra avosetta)	3.776683087027915	3.2492997198879556	2.3782125047947833	1.7593244194229414	2.9593094944512948	2.313030069390902	2.1754894851341553	2.737110120942075	1.4801657785671996	1.7788461538461537	1.22626582278481	1.132312853847767	1.1281224818694602	0.3271028037383178	1.1047070124879923	0.9519867549668874	0.9626955475330927	0.6147540983606558	0.42016806722689076	0.23734177215189875	0.7566204287515763	0.23121387283236997	0.2583979328165375	0.5291005291005291	0.684931506849315	1.8867924528301887	1.2244897959183674	2.512562814070352	2.157164869029276	2.536231884057971	3.4712950600801067	3.201787043931496	3.6396724294813465	3.7159372419488026	2.2761760242792106	2.6774595267745953	2.0	2.3616236162361623	2.518720217835262	2.3641851106639837	2.699055330634278	3.1335149863760217	3.5502958579881656	3.990746096009254	5.338645418326693	5.615942028985507	5.431309904153355	5.587170201758924
	Total # checklists submitted - (Pied Avocet (Recurvirostra avosetta))	1827	1785	2607	4263	1622	1297	1379	1571	1689	2080	2528	4769	2482	2140	2082	2416	1662	1464	952	1264	793	865	774	945	730	742	735	995	649	828	749	1343	1099	1211	1318	1606	1350	1355	1469	1988	1482	1468	1352	1729	1255	1104	1252	1933
	
Abundance
	Pied Avocet (Recurvirostra avosetta)	0.7876299945265463	1.2201680672268909	0.48024549290372076	0.27961529439361954	0.3360049321824908	0.6815728604471858	0.21174764321972445	0.452577975811585	0.22616933096506808	0.33413461538461536	0.17286392405063292	0.06689033340322918	0.18775181305398872	0.0397196261682243	0.09654178674351585	0.1005794701986755	0.1022864019253911	0.008879781420765027	0.0063025210084033615	0.012658227848101266	0.013871374527112233	0.005780346820809248	0.006459948320413436	0.012698412698412698	0.028767123287671233	0.13881401617250674	0.10340136054421768	0.13165829145728644	0.4453004622496148	0.15942028985507245	0.40053404539385845	0.3819806403574088	0.8735213830755232	0.5549132947976878	0.1669195751138088	0.4302615193026152	0.44592592592592595	0.36678966789667894	0.7311095983662356	0.5140845070422535	0.5809716599190283	0.6682561307901907	1.0310650887573964	0.8976286871023713	1.6071713147410358	1.3360507246376812	1.2436102236421724	1.3093636833936886
	Total # checklists submitted - (Pied Avocet (Recurvirostra avosetta))	1827	1785	2607	4263	1622	1297	1379	1571	1689	2080	2528	4769	2482	2140	2082	2416	1662	1464	952	1264	793	865	774	945	730	742	735	995	649	828	749	1343	1099	1211	1318	1606	1350	1355	1469	1988	1482	1468	1352	1729	1255	1104	1252	1933
	
Birds Per Party Hour
	Pied Avocet (Recurvirostra avosetta)	14.35759329269981	17.32930734080981	9.536717721316503	10.955418297493598	7.05236060452979	9.794812961522952	5.066785254251302	8.93049204954912	6.208361720712787	3.47106701386276	5.7650184127388036	4.569161672771877	6.055968074927491	4.966156587867125	4.471907262188611	3.1303049507879153	2.8942481436834786	0.8178901163621395	1.8580238376976472	3.589029208092475	5.659882686545085	0.853973938127922	1.1501600640256102	1.1773126428646465	4.134693615289601	7.7697685897981215	39.626942331726504	17.770295334285198	47.40361097504825	12.989148447862924	18.762932413311365	6.219384522008496	10.310705051194748	13.26745999941709	3.0203260601330983	6.470914316172431	84.01798580998897	13.339667590386512	22.43831150614063	16.7209946297695	10.13191301522954	12.38173283882717	17.365247295181117	18.44671626058105	18.981274587743936	16.187929512675385	8.945393790210392	11.226740233903683
	# checklists reporting species - (Pied Avocet (Recurvirostra avosetta))	79	65	75	89	54	39	45	58	33	47	36	67	34	11	28	26	15	9	7	6	6	3	3	10	7	18	13	30	17	22	39	64	59	64	46	70	45	49	49	74	54	55	75	82	74	80	74	124
	
High Count
	Pied Avocet (Recurvirostra avosetta)	200	200	240	238	114	170	86	200	70	300	130	340	100	40	45	126	75	3	23	7	4	4	4	9	14	18	33	38	121	65	60	90	200	132	50	100	160	270	118	250	150	250	300	200	300	200	400	300
	# checklists reporting species - (Pied Avocet (Recurvirostra avosetta))	86	70	83	91	61	41	47	67	43	52	46	84	42	14	30	31	17	10	7	6	6	4	3	11	7	20	14	32	20	22	42	65	61	65	50	78	46	55	51	81	59	59	84	89	75	82	81	138
	
Totals
	Pied Avocet (Recurvirostra avosetta)	2097	2569	1975	2012	788	1211	528	1351	473	748	589	826	668	111	286	284	173	15	40	28	11	7	6	26	39	129	101	232	495	139	353	662	1283	1013	344	1144	1081	1424	1346	2029	1101	1302	2660	2254	2743	2501	1768	2927
	# checklists reporting species - (Pied Avocet (Recurvirostra avosetta))	82	68	79	91	57	41	46	60	38	50	41	75	39	11	29	29	16	10	7	6	6	4	3	11	7	20	14	30	20	22	40	65	61	64	49	77	45	55	50	76	54	57	78	87	74	81	77	133
	
Average Count
	Pied Avocet (Recurvirostra avosetta)	25.573170731707318	37.779411764705884	25.0	22.10989010989011	13.824561403508772	29.536585365853657	11.478260869565217	22.516666666666666	12.447368421052632	14.96	14.365853658536585	11.013333333333334	17.128205128205128	10.090909090909092	9.862068965517242	9.793103448275861	10.8125	1.5	5.714285714285714	4.666666666666667	1.8333333333333333	1.75	2.0	2.3636363636363638	5.571428571428571	6.45	7.214285714285714	7.733333333333333	24.75	6.318181818181818	8.825	10.184615384615384	21.0327868852459	15.828125	7.020408163265306	14.857142857142858	24.022222222222222	25.89090909090909	26.92	26.69736842105263	20.38888888888889	22.842105263157894	34.1025641025641	25.908045977011493	37.067567567567565	30.876543209876544	22.961038961038962	22.007518796992482
	# checklists reporting species - (Pied Avocet (Recurvirostra avosetta))	82	68	79	91	57	41	46	60	38	50	41	75	39	11	29	29	16	10	7	6	6	4	3	11	7	20	14	30	20	22	40	65	61	64	49	77	45	55	50	76	54	57	78	87	74	81	77	133
	
