

	Week starting on...	1/1	1/8	1/15	1/22	2/1	2/8	2/15	2/22	3/1	3/8	3/15	3/22	4/1	4/8	4/15	4/22	5/1	5/8	5/15	5/22	6/1	6/8	6/15	6/22	7/1	7/8	7/15	7/22	8/1	8/8	8/15	8/22	9/1	9/8	9/15	9/22	10/1	10/8	10/15	10/22	11/1	11/8	11/15	11/22	12/1	12/8	12/15	12/22
Frequency (%)
	Pied Avocet (Recurvirostra avosetta)	2.959028831562974	3.443526170798898	3.3666969972702456	4.169769173492182	2.5909592061742006	3.018867924528302	3.6196911196911192	2.689075630252101	2.9320024953212727	2.5205158264947247	2.298206278026906	2.3469387755102042	2.0027624309392267	1.5372168284789645	3.0328559393428813	2.449748743718593	2.3545706371191137	1.3481828839390386	1.1424219345011426	1.3859275053304905	1.6231474947071278	1.8168604651162792	2.094240837696335	2.0659124446630592	2.8412600370599135	2.2002200220022003	4.205128205128205	3.4458004307250536	3.008248423095585	3.2141422257934913	3.495311167945439	4.491292392300641	4.183179216204316	4.460269865067466	3.824091778202677	4.10458251335395	3.9970392301998516	4.928517682468021	4.218289085545723	3.988821138211382	4.987373737373738	4.425914047466325	3.718867280791539	4.026659261316301	4.1279285979918185	3.5260930888575457	3.0505641454241537	2.906635349383441
	Total # checklists submitted - (Pied Avocet (Recurvirostra avosetta))	2636	2178	2198	2686	1814	1855	2072	1785	1603	1706	1784	1960	1448	1236	1187	1592	1444	1706	1313	1876	1417	1376	1528	2033	1619	1818	1950	2786	2061	2489	2346	3273	2271	2668	2615	3557	2702	2658	3390	3936	3168	3118	2931	3601	2689	2127	2393	3406
	
Abundance
	Pied Avocet (Recurvirostra avosetta)	0.32701062215478	1.2511478420569329	1.521838034576888	1.2088607594936709	1.0082690187431091	0.4646900269541779	1.5106177606177607	0.4218487394957983	1.345601996257018	0.6582649472450176	0.4170403587443946	0.48775510204081635	0.7113259668508287	0.517799352750809	0.5627632687447346	0.48743718592964824	0.4134349030470914	0.15533411488862836	0.08301599390708302	0.4232409381663113	0.21594918842625266	0.1816860465116279	0.21531413612565445	0.48007870142646336	0.5342804200123533	0.39383938393839385	0.9815384615384616	0.4440057430007179	0.49539058709364386	0.21815990357573323	0.8337595907928389	1.3800794378246257	0.43064729194187584	0.914167916041979	0.8764818355640536	0.9738543716615126	0.5362694300518135	1.0312264860797593	0.6026548672566372	0.584349593495935	2.7269570707070705	1.160359204618345	2.9024223814397816	1.403776728686476	0.9605801413164745	1.0150446638457922	1.2448809026326786	0.6896652965355256
	Total # checklists submitted - (Pied Avocet (Recurvirostra avosetta))	2636	2178	2198	2686	1814	1855	2072	1785	1603	1706	1784	1960	1448	1236	1187	1592	1444	1706	1313	1876	1417	1376	1528	2033	1619	1818	1950	2786	2061	2489	2346	3273	2271	2668	2615	3557	2702	2658	3390	3936	3168	3118	2931	3601	2689	2127	2393	3406
	
Birds Per Party Hour
	Pied Avocet (Recurvirostra avosetta)	21.001707683051293	23.103967497007314	25.145754005466355	29.794469253161655	23.65254921243111	17.19628983875194	23.596539063393855	14.814550711901603	46.713791840671576	13.464763462284736	8.72848820162834	12.800593757702003	26.97879223673662	29.256219877122813	11.845755271494937	35.522426541819804	14.176607291938414	13.760037376447595	8.656549241092725	26.583165253431027	16.331039248203428	5.982439640267363	21.404500987226466	9.949767225124969	5.935143452714563	11.433838846168523	47.97629598287871	23.16973767506817	7.811849448600399	6.156497065187448	25.92691172607243	27.696210113125375	11.211183684988345	24.952031388093026	16.34130481161672	38.87594206949956	16.8425814170817	37.51219933392944	24.73854025084421	10.358423367319878	44.295981265702004	15.261520292819966	82.24608646516198	24.13086536361096	22.119350023485133	31.653810366232438	43.529494139636135	20.503145142536138
	# checklists reporting species - (Pied Avocet (Recurvirostra avosetta))	58	53	53	87	34	39	51	35	34	35	29	28	22	14	24	22	26	16	14	19	18	20	18	28	40	32	60	63	45	59	63	105	80	85	78	107	82	101	118	112	138	111	75	108	80	57	47	72
	
High Count
	Pied Avocet (Recurvirostra avosetta)	350	680	2500	1000	400	281	500	1000	350	400	200	300	505	200	110	150	145	50	250	500	60	200	80	600	500	400	550	700	300	50	240	1000	100	1000	500	500	300	400	400	670	3000	900	3200	3000	1500	1000	1000	500
	# checklists reporting species - (Pied Avocet (Recurvirostra avosetta))	98	87	93	140	61	74	84	59	55	50	49	59	37	27	42	47	46	30	27	32	27	36	45	51	60	61	93	117	79	109	103	175	125	145	132	189	134	183	177	196	205	171	130	178	132	95	96	135
	
Totals
	Pied Avocet (Recurvirostra avosetta)	1444	2736	3545	4015	1840	1067	3135	2010	2158	1159	750	971	1123	742	671	778	680	266	661	832	306	563	425	1026	897	1111	2049	1422	1051	577	2029	4560	1147	2659	2577	3835	1792	3088	2634	2461	9245	3973	8648	8530	4148	2201	3305	3041
	# checklists reporting species - (Pied Avocet (Recurvirostra avosetta))	64	57	54	92	40	42	56	37	34	36	30	29	22	14	26	24	26	16	20	21	18	23	27	33	46	37	69	70	52	63	68	110	84	89	84	118	86	112	124	123	150	123	78	117	86	61	53	77
	
Average Count
	Pied Avocet (Recurvirostra avosetta)	22.5625	48.0	65.64814814814815	43.641304347826086	46.0	25.404761904761905	55.982142857142854	54.32432432432432	63.470588235294116	32.19444444444444	25.0	33.48275862068966	51.04545454545455	53.0	25.807692307692307	32.416666666666664	26.153846153846153	16.625	33.05	39.61904761904762	17.0	24.47826086956522	15.74074074074074	31.09090909090909	19.5	30.027027027027028	29.695652173913043	20.314285714285713	20.21153846153846	9.158730158730158	29.83823529411765	41.45454545454545	13.654761904761905	29.876404494382022	30.678571428571427	32.5	20.837209302325583	27.571428571428573	21.241935483870968	20.008130081300813	61.63333333333333	32.300813008130085	110.87179487179488	72.90598290598291	48.23255813953488	36.08196721311475	62.35849056603774	39.493506493506494
	# checklists reporting species - (Pied Avocet (Recurvirostra avosetta))	64	57	54	92	40	42	56	37	34	36	30	29	22	14	26	24	26	16	20	21	18	23	27	33	46	37	69	70	52	63	68	110	84	89	84	118	86	112	124	123	150	123	78	117	86	61	53	77
	
