

	Week starting on...	1/1	1/8	1/15	1/22	2/1	2/8	2/15	2/22	3/1	3/8	3/15	3/22	4/1	4/8	4/15	4/22	5/1	5/8	5/15	5/22	6/1	6/8	6/15	6/22	7/1	7/8	7/15	7/22	8/1	8/8	8/15	8/22	9/1	9/8	9/15	9/22	10/1	10/8	10/15	10/22	11/1	11/8	11/15	11/22	12/1	12/8	12/15	12/22
Frequency (%)
	Pied Avocet (Recurvirostra avosetta)	4.02621722846442	2.0060180541624875	3.108348134991119	2.8059236165237724	2.9166666666666665	2.8758169934640523	3.0048076923076925	3.222094361334868	2.6436781609195403	2.7607361963190185	3.2502708559046587	1.8853102906520032	1.2208657047724751	1.2084592145015105	1.4184397163120568	1.4842300556586272	1.8030513176144243	0.7704160246533128	1.4925373134328357	1.1152416356877324	1.9662921348314606	2.0338983050847457	2.93040293040293	1.8421052631578945	3.1055900621118013	2.4096385542168677	2.1406727828746175	1.6877637130801686	3.1545741324921135	2.5974025974025974	1.6706443914081146	1.8567639257294428	1.639344262295082	1.447178002894356	2.25	1.276595744680851	1.5483870967741935	1.3513513513513513	2.2532188841201717	1.6722408026755853	1.4141414141414141	3.327338129496403	2.4299065420560746	2.14168039538715	2.072538860103627	3.506650544135429	3.221649484536082	3.8256227758007118
	Total # checklists submitted - (Pied Avocet (Recurvirostra avosetta))	1068	997	1126	1283	720	765	832	869	870	978	923	1273	901	993	987	1078	721	649	536	538	356	295	273	380	322	332	327	474	317	385	419	754	610	691	800	940	775	814	932	1196	990	1112	1070	1214	965	827	776	1124
	
Abundance
	Pied Avocet (Recurvirostra avosetta)	1.103932584269663	0.4684052156469408	0.9342806394316163	0.6180826188620421	0.4875	0.32287581699346407	0.4362980769230769	0.5857307249712314	0.4413793103448276	0.7862985685071575	0.19068255687973998	0.11468970934799685	0.05549389567147614	0.02920443101711984	0.0425531914893617	0.06771799628942486	0.130374479889043	0.06317411402157165	0.054104477611940295	0.08921933085501858	0.0702247191011236	0.10847457627118644	0.22344322344322345	0.08157894736842106	0.08385093167701864	0.11144578313253012	0.08256880733944955	0.03375527426160337	0.15141955835962145	0.08311688311688312	0.057279236276849645	0.13262599469496023	0.05245901639344262	0.03183791606367583	0.055	0.027659574468085105	0.23483870967741935	0.06388206388206388	0.26180257510729615	0.09615384615384616	0.048484848484848485	0.24190647482014388	0.21401869158878506	0.3187808896210873	0.3844559585492228	0.27690447400241835	0.18556701030927836	0.2722419928825623
	Total # checklists submitted - (Pied Avocet (Recurvirostra avosetta))	1068	997	1126	1283	720	765	832	869	870	978	923	1273	901	993	987	1078	721	649	536	538	356	295	273	380	322	332	327	474	317	385	419	754	610	691	800	940	775	814	932	1196	990	1112	1070	1214	965	827	776	1124
	
Birds Per Party Hour
	Pied Avocet (Recurvirostra avosetta)	14.951032570810753	24.285129324705466	18.64234638234276	20.75120890443524	11.479763957156091	25.772887719349885	12.618793344855957	17.699480157733245	11.188030856796129	15.945933745382213	9.917276495754283	11.149686267201705	1.625277218484879	2.2357590117341317	4.563080653975928	5.483783271347613	8.87046978066273	4.838856662461919	4.458333333333333	5.898248554306957	4.534566444954488	1.8867644038413682	5.292022573472655	2.8329864844336754	2.5913011970980944	2.7424425909379635	5.527730394611424	2.188781736771847	2.0247258576273994	1.7358745182961994	1.5259557344064387	6.6780780304488285	4.007729274136772	1.1437550991168124	2.319389606402305	2.5587950183323467	8.46761106679931	2.9075258209905	8.246389718598301	6.674065094737591	6.17398398367995	6.549288085422125	4.627803059664005	14.195124109023395	20.26976896590319	8.81903468855792	10.62402531675978	3.1965413909213556
	# checklists reporting species - (Pied Avocet (Recurvirostra avosetta))	42	32	43	52	28	26	31	36	30	41	35	27	12	18	21	31	18	16	8	12	9	7	10	11	10	7	7	7	10	10	7	17	15	18	17	19	21	18	32	32	19	40	33	34	22	39	22	35
	
High Count
	Pied Avocet (Recurvirostra avosetta)	280	147	380	212	150	130	200	180	125	155	110	120	12	40	30	30	35	30	40	40	40	30	30	30	30	15	12	15	8	8	7	50	15	7	15	10	80	25	65	50	35	78	60	100	163	189	127	119
	# checklists reporting species - (Pied Avocet (Recurvirostra avosetta))	94	73	99	114	67	65	66	69	60	79	63	60	19	36	41	64	42	45	29	27	18	16	19	24	15	10	12	18	14	15	11	25	34	36	39	50	49	46	62	78	54	100	76	86	66	89	71	90
	
Totals
	Pied Avocet (Recurvirostra avosetta)	2271	2555	2627	4030	1555	1379	1418	1709	1154	2712	1041	1078	79	192	226	439	391	319	293	327	168	117	222	173	125	53	55	64	59	48	35	129	127	70	143	154	390	199	785	735	453	977	692	1837	1745	1466	1132	1214
	# checklists reporting species - (Pied Avocet (Recurvirostra avosetta))	92	73	98	111	66	60	66	66	59	78	62	59	19	36	41	64	42	44	29	27	18	16	19	22	15	10	12	18	14	15	11	25	34	36	38	48	49	45	62	77	52	98	75	85	66	89	70	89
	
Average Count
	Pied Avocet (Recurvirostra avosetta)	24.684782608695652	35.0	26.806122448979593	36.306306306306304	23.560606060606062	22.983333333333334	21.484848484848484	25.893939393939394	19.559322033898304	34.76923076923077	16.79032258064516	18.271186440677965	4.157894736842105	5.333333333333333	5.512195121951219	6.859375	9.30952380952381	7.25	10.10344827586207	12.11111111111111	9.333333333333334	7.3125	11.68421052631579	7.863636363636363	8.333333333333334	5.3	4.583333333333333	3.5555555555555554	4.214285714285714	3.2	3.1818181818181817	5.16	3.735294117647059	1.9444444444444444	3.763157894736842	3.2083333333333335	7.959183673469388	4.4222222222222225	12.661290322580646	9.545454545454545	8.711538461538462	9.96938775510204	9.226666666666667	21.611764705882354	26.439393939393938	16.471910112359552	16.17142857142857	13.640449438202246
	# checklists reporting species - (Pied Avocet (Recurvirostra avosetta))	92	73	98	111	66	60	66	66	59	78	62	59	19	36	41	64	42	44	29	27	18	16	19	22	15	10	12	18	14	15	11	25	34	36	38	48	49	45	62	77	52	98	75	85	66	89	70	89
	
