

	Week starting on...	1/1	1/8	1/15	1/22	2/1	2/8	2/15	2/22	3/1	3/8	3/15	3/22	4/1	4/8	4/15	4/22	5/1	5/8	5/15	5/22	6/1	6/8	6/15	6/22	7/1	7/8	7/15	7/22	8/1	8/8	8/15	8/22	9/1	9/8	9/15	9/22	10/1	10/8	10/15	10/22	11/1	11/8	11/15	11/22	12/1	12/8	12/15	12/22
Frequency (%)
	Pied Avocet (Recurvirostra avosetta)	1.6483516483516485	2.608695652173913	3.8869257950530036	3.343465045592705	4.265402843601896	3.216374269005848	1.0178117048346056	2.4657534246575343	3.065134099616858	2.4822695035460995	0.7936507936507936	3.0534351145038165	0.6134969325153374	1.8518518518518516	0.6711409395973155	2.158273381294964	2.459016393442623	0.8130081300813009	0.8620689655172413	1.0600706713780919	0.0	0.0	0.0	0.0	0.0	0.0	0.0	1.3888888888888888	0.0	1.574803149606299	0.0	1.4492753623188406	0.8695652173913043	0.0	2.0325203252032518	0.47393364928909953	0.0	0.398406374501992	0.4464285714285714	1.530612244897959	1.095890410958904	2.73972602739726	2.793296089385475	2.8720626631853787	2.2598870056497176	2.5316455696202533	2.553191489361702	3.180212014134275
	Total # checklists submitted - (Pied Avocet (Recurvirostra avosetta))	182	230	283	329	211	342	393	365	261	282	252	262	163	162	149	139	122	123	116	283	211	153	101	88	85	75	61	144	97	127	68	138	115	125	246	211	159	251	224	392	365	438	358	383	354	237	235	283
	
Abundance
	Pied Avocet (Recurvirostra avosetta)	0.14285714285714285	0.36086956521739133	1.1519434628975265	0.5653495440729484	0.1990521327014218	0.347953216374269	0.1272264631043257	0.14246575342465753	0.5823754789272031	0.4326241134751773	0.007936507936507936	0.6450381679389313	0.0	0.006172839506172839	0.0	0.1510791366906475	0.0	0.4065040650406504	0.1724137931034483	0.024734982332155476	0.0	0.0	0.0	0.0	0.0	0.0	0.0	0.2569444444444444	0.0	0.07086614173228346	0.0	0.043478260869565216	0.008695652173913044	0.0	0.056910569105691054	0.004739336492890996	0.0	0.00398406374501992	0.0	0.125	0.043835616438356165	0.7077625570776256	0.20949720670391062	0.8746736292428199	0.7259887005649718	0.10548523206751055	0.14468085106382977	0.9293286219081273
	Total # checklists submitted - (Pied Avocet (Recurvirostra avosetta))	182	230	283	329	211	342	393	365	261	282	252	262	163	162	149	139	122	123	116	283	211	153	101	88	85	75	61	144	97	127	68	138	115	125	246	211	159	251	224	392	365	438	358	383	354	237	235	283
	
Birds Per Party Hour
	Pied Avocet (Recurvirostra avosetta)	4.732142857142857	12.233333333333333	5.9301290689333435	4.160997732426304	7.634499227419582	3.48125	13.53555389221557	3.4004967905934014	28.85758719268153	18.115447154471546	0.0	23.745771895603053	0.0	0.0	0.0	1.8333333333333333	0.0	16.666666666666668	6.666666666666667	2.1431633090441493	0.0	0.0	0.0	0.0	0.0	0.0	0.0	28.607448231646046	0.0	3.5247192845691906	0.0	0.8333333333333334	0.6666666666666666	0.0	26.844402985074627	0.8	0.0	0.5	2.0	1.3930501635674692	2.6439024390243904	19.253352871926626	22.652119848654646	32.35649232614937	1.7006002400960385	3.0166666666666666	0.7108594657375146	2.786446023647797
	# checklists reporting species - (Pied Avocet (Recurvirostra avosetta))	2	5	9	7	4	8	4	8	5	6	1	7	0	0	0	2	0	1	1	1	0.0	0.0	0.0	0.0	0.0	0.0	0	2	0.0	2	0	2	1	0.0	4	1	0.0	1	1	5	2	12	8	11	4	5	5	7
	
High Count
	Pied Avocet (Recurvirostra avosetta)	20	70	200	80	20	100	20	16	80	100	2	100	1	1	1	20	1	50	20	5	0.0	0.0	0.0	0.0	0.0	0.0	1	21	0.0	6	1	3	1	0.0	7	1	0.0	1	200	42	12	100	50	100	200	20	15	140
	# checklists reporting species - (Pied Avocet (Recurvirostra avosetta))	4	7	14	14	11	15	4	9	9	9	2	8	1	3	1	3	3	1	1	3	0.0	0.0	0.0	0.0	0.0	0.0	1	2	0.0	2	1	2	1	0.0	5	1	0.0	1	3	6	7	14	11	15	9	9	6	14
	
Totals
	Pied Avocet (Recurvirostra avosetta)	26	83	327	237	42	169	50	52	152	124	2	169	0	1	0	21	0	50	20	7	0.0	0.0	0.0	0.0	0.0	0.0	0	37	0.0	9	0	6	1	0.0	14	1	0.0	1	202	49	16	312	125	336	257	25	34	263
	# checklists reporting species - (Pied Avocet (Recurvirostra avosetta))	2	5	12	8	4	9	4	8	7	6	1	7	0	1	0	2	0	1	1	2	0.0	0.0	0.0	0.0	0.0	0.0	0	2	0.0	2	0	2	1	0.0	4	1	0.0	1	2	6	3	14	8	11	4	5	5	7
	
Average Count
	Pied Avocet (Recurvirostra avosetta)	13.0	16.6	27.25	29.625	10.5	18.77777777777778	12.5	6.5	21.714285714285715	20.666666666666668	2.0	24.142857142857142	0.0	1.0	0.0	10.5	0.0	50.0	20.0	3.5	0.0	0.0	0.0	0.0	0.0	0.0	0.0	18.5	0.0	4.5	0.0	3.0	1.0	0.0	3.5	1.0	0.0	1.0	101.0	8.166666666666666	5.333333333333333	22.285714285714285	15.625	30.545454545454547	64.25	5.0	6.8	37.57142857142857
	# checklists reporting species - (Pied Avocet (Recurvirostra avosetta))	2	5	12	8	4	9	4	8	7	6	1	7	0	1	0	2	0	1	1	2	0.0	0.0	0.0	0.0	0.0	0.0	0	2	0.0	2	0	2	1	0.0	4	1	0.0	1	2	6	3	14	8	11	4	5	5	7
	
